1.279999999999987
1.5360000000000298
1.7920000000000016
2.048000000000002
2.3040000000000447
2.5600000000000165
2.8159999999999883
3.072000000000031
3.328000000000003
3.583999999999989
3.8400000000000034
4.096000000000004
4.351999999999961
4.6079999999999615
4.8640000000000185
5.1200000000000045
5.376000000000033
5.632000000000019
5.888000000000005
6.143999999999977
6.400000000000006
6.656000000000034
6.912000000000035
7.168000000000006
7.424000000000063
7.680000000000035
7.935999999999993
8.191999999999979
8.448000000000008
8.704000000000008
8.959999999999994
9.216000000000008
9.472000000000023
9.728000000000009
9.98399999999998
10.239999999999995
10.495999999999952
10.751999999999995
11.00800000000001
11.264000000000017
11.519999999999982
11.775999999999996
12.03200000000001
12.288000000000025
12.543999999999983
12.800000000000011
13.055999999999997
13.311999999999976
13.568000000000012
13.824000000000012
14.07999999999997
14.335999999999991
14.591999999999992
14.847999999999985
15.103999999999985
15.360000000000007
15.616000000000007
15.872000000000014
16.127999999999993
16.383999999999993
16.640000000000022
16.896000000000015
17.151999999999994
17.407999999999987
17.664
17.920000000000023
18.176000000000023
18.432000000000023
18.688000000000017
18.943999999999996
19.200000000000003
19.45599999999998
19.71199999999999
19.967999999999982
20.223999999999975
20.47999999999999
20.736000000000004
20.99199999999999
21.248000000000005
21.50399999999999
21.760000000000012
22.01600000000002
22.27200000000002
22.528000000000006
22.784000000000017
23.040000000000013
23.295999999999996
23.552
23.80799999999998
24.063999999999982
24.320000000000004
24.576000000000008
24.83199999999999
25.088000000000008
25.344000000000026
25.600000000000023
25.856000000000012
26.11199999999999
26.368
26.624000000000002
26.88
27.135999999999967
27.39199999999997
27.64799999999999
27.903999999999996
28.159999999999997
28.416000000000018
28.67200000000002
28.928000000000022
29.18400000000002
29.44000000000002
29.696
29.952000000000005
30.208
30.46399999999999
30.719999999999985
30.975999999999992
31.23199999999997
31.48799999999998
31.744000000000035
32.00000000000006
32.256000000000036
32.512000000000015
32.768
33.02400000000002
33.28000000000002
33.53600000000001
33.79199999999999
34.048000000000016
34.30399999999999
34.559999999999995
34.81599999999996
35.071999999999946
35.327999999999975
35.584
35.84
36.095999999999975
36.35200000000006
36.60800000000003
36.86400000000009
37.120000000000005
37.37599999999999
37.63199999999998
37.888000000000005
38.144000000000005
38.400000000000034
38.65600000000009
38.91200000000012
39.16800000000009
39.42399999999995
39.67999999999995
39.93599999999991
40.19199999999992
40.44799999999992
40.703999999999894
40.95999999999992
41.21600000000009
41.472000000000065
41.727999999999966
41.98400000000004
42.24000000000012
42.49599999999995
42.75199999999998
43.007999999999925
43.26399999999995
43.51999999999995
43.77599999999998
44.03200000000004
44.28799999999987
44.54400000000007
44.79999999999998
45.05600000000007
45.3120000000001
45.568000000000154
45.82400000000004
46.08000000000001
46.336000000000126
46.59199999999993
46.84799999999993
47.10400000000001
47.359999999999985
47.61600000000004
47.8720000000001
48.12800000000004
48.3839999999999
48.63999999999993
48.89599999999999
49.1519999999999
49.40800000000007
49.664000000000016
49.920000000000186
50.176000000000045
50.43200000000016
50.68800000000002
50.94400000000002
51.19999999999996
51.456000000000046
51.71199999999999
51.96800000000002
52.22399999999993
52.48000000000005
52.73599999999985
52.99200000000005
53.24800000000002
53.50399999999996
53.75999999999999
54.01600000000019
54.271999999999935
54.52800000000025
54.784000000000106
55.039999999999964
55.29599999999988
55.55200000000002
55.80799999999982
56.06399999999991
56.320000000000164
56.57599999999991
56.83200000000011
57.08800000000031
57.34400000000039
57.60000000000025
57.85600000000022
58.11200000000008
58.36799999999971
58.62399999999968
58.879999999999995
59.13599999999997
59.39199999999994
59.648000000000025
59.90400000000011
60.16000000000008
60.416000000000224
60.67200000000008
60.927999999999884
61.184000000000026
61.440000000000055
61.696000000000026
61.951999999999884
62.20799999999997
62.46399999999994
62.719999999999914
62.97600000000023
63.23199999999997
63.48799999999994
63.74400000000003
64.00000000000034
64.25599999999997
64.51200000000028
64.76799999999992
65.02400000000011
65.27999999999986
65.53599999999983
65.79199999999992
66.04800000000006
66.30399999999992
66.55999999999972
66.81600000000003
67.072
67.32800000000009
67.58399999999995
67.83999999999992
68.09600000000023
68.3519999999998
68.60799999999989
68.86399999999992
69.12
69.37599999999998
69.63199999999995
69.88800000000015
70.144
70.4000000000002
70.65600000000018
70.91200000000003
71.16799999999967
71.42400000000009
71.67999999999984
71.9359999999997
72.19200000000012
72.44799999999964
72.70399999999995
72.96000000000038
73.21600000000012
73.47200000000021
73.72799999999995
73.98400000000004
74.24000000000024
74.49599999999964
74.75199999999973
75.0079999999997
75.26400000000001
75.5200000000001
75.77599999999973
76.03200000000038
76.28800000000024
76.54399999999987
76.8000000000003
77.05600000000027
77.31200000000035
77.5680000000001
77.82399999999984
78.07999999999993
78.33600000000001
78.59199999999976
78.84800000000007
79.10399999999981
79.36000000000001
79.61599999999987
79.87199999999962
80.12800000000016
80.38399999999967
80.63999999999987
80.89599999999996
81.15200000000027
81.40800000000002
81.66399999999999
81.92000000000007
82.17599999999982
82.4319999999999
82.68800000000022
82.94399999999985
83.20000000000005
83.45600000000024
83.71199999999965
83.9680000000003
84.22400000000027
84.48000000000047
84.73599999999999
84.9920000000003
85.24799999999982
85.50400000000036
85.76000000000022
86.01599999999962
86.27200000000005
86.52799999999968
86.78399999999954
87.04000000000008
87.29599999999994
87.55199999999968
87.80800000000045
88.06399999999985
88.31999999999994
88.57600000000002
88.832
89.08800000000019
89.34400000000028
89.59999999999957
89.85599999999977
90.11199999999997
90.36799999999971
90.62400000000002
90.88000000000022
91.13600000000031
91.39200000000028
91.64800000000025
91.90399999999988
92.16000000000031
92.41599999999949
92.67199999999912
92.92799999999966
93.18399999999929
93.4399999999996
93.69599999999969
93.95199999999988
94.20800000000031
94.46399999999994
94.72000000000048
94.97600000000011
95.2320000000002
95.48800000000051
95.74399999999969
96.00000000000023
96.25600000000009
96.51199999999994
96.7679999999998
97.02399999999989
97.2800000000002
97.53600000000006
97.79199999999992
98.04799999999977
98.30399999999918
98.55999999999972
98.81599999999935
99.07199999999989
99.32799999999975
99.58399999999983
99.8400000000006
100.096
100.35200000000054
100.60799999999995
100.8639999999998
101.12000000000057
101.37599999999975
101.6319999999996
101.88800000000037
102.14400000000023
102.40000000000032
102.6560000000004
102.91199999999981
103.16799999999989
103.4240000000002
103.67999999999961
103.93599999999924
104.19200000000046
104.44800000000055
104.70399999999972
104.95999999999913
105.21599999999899
105.47200000000021
105.72799999999984
105.98399999999992
106.24000000000001
106.49599999999919
106.75200000000086
107.00800000000027
107.26400000000035
107.52000000000021
107.77600000000098
108.03199999999993
108.2880000000007
108.54400000000032
108.80000000000018
109.05599999999981
109.31200000000013
109.56800000000067
109.82400000000052
110.07999999999993
110.33599999999956
110.59199999999964
110.84800000000087
111.10399999999959
111.35999999999967
111.61599999999976
111.87199999999916
112.12799999999947
112.38399999999933
112.63999999999942
112.89599999999973
113.15199999999913
113.4079999999999
113.66400000000067
113.92000000000007
114.17600000000084
114.4320000000007
114.6880000000001
114.94399999999973
115.2000000000005
115.45600000000013
115.71200000000044
115.9680000000003
116.2239999999997
116.47999999999956
116.73600000000033
116.99200000000064
117.24799999999982
117.5039999999999
117.75999999999976
118.0160000000003
118.27199999999948
118.52800000000047
118.78400000000056
119.03999999999951
119.2959999999996
119.55200000000036
119.80799999999999
120.06400000000008
120.31999999999971
120.57600000000048
120.83199999999988
121.0880000000011
121.34400000000005
121.59999999999968
121.85600000000022
122.11200000000053
122.36799999999994
122.62400000000002
122.87999999999988
123.13599999999974
123.39200000000051
123.6480000000006
123.90399999999977
124.16000000000054
124.41599999999971
124.6719999999998
124.9279999999992
125.18399999999906
125.43999999999915
125.69599999999923
125.95200000000023
126.20799999999963
126.46399999999926
126.72000000000094
126.97600000000148
127.23199999999997
127.48800000000074
127.74400000000128
128.00000000000045
128.25599999999986
128.51200000000063
128.76799999999957
129.0240000000008
129.2800000000011
129.5359999999996
129.79200000000014
130.04800000000068
130.30399999999963
130.5600000000004
130.81600000000026
131.0719999999992
131.32800000000043
131.58399999999983
131.83999999999924
132.096
132.3519999999994
132.60799999999972
132.8640000000005
133.11999999999944
133.3760000000002
133.63200000000006
133.88799999999947
134.14399999999978
134.4000000000001
134.65600000000086
134.91200000000117
135.16799999999967
135.42400000000043
135.67999999999984
135.93600000000015
136.19200000000046
136.44799999999987
136.70399999999927
136.95999999999913
137.21599999999944
137.4720000000002
137.7279999999996
137.9840000000013
138.23999999999842
138.49599999999919
138.75200000000177
139.0079999999998
139.26399999999876
139.51999999999998
139.77599999999939
140.03200000000015
140.28800000000138
140.54400000000032
140.79999999999973
141.0560000000005
141.31199999999944
141.56800000000067
141.82400000000098
142.07999999999993
142.33599999999888
142.59200000000055
142.84799999999905
143.10399999999936
143.36000000000013
143.61599999999999
143.87200000000075
144.12800000000016
144.38400000000001
144.6399999999985
144.89599999999837
145.15200000000004
145.40799999999945
145.66400000000021
145.91999999999916
146.17600000000039
146.4320000000016
146.68799999999965
146.94400000000087
147.20000000000118
147.45599999999877
147.71200000000135
147.96799999999894
148.2239999999988
148.48000000000093
148.73599999999897
148.99199999999973
149.2480000000005
149.50400000000036
149.75999999999976
150.01599999999962
150.27199999999857
150.52800000000025
150.78400000000101
151.03999999999905
151.29600000000028
151.55200000000013
151.808
152.0640000000003
152.31999999999925
152.57600000000002
152.83199999999988
153.08800000000156
153.3440000000005
153.60000000000036
153.8559999999993
154.11199999999917
154.3680000000004
154.6240000000007
154.8800000000001
155.13600000000042
155.39200000000073
155.64799999999923
155.90399999999954
156.16000000000076
156.41600000000017
156.67200000000048
156.92800000000034
157.18399999999883
157.4399999999996
157.6959999999999
157.9519999999975
158.2079999999978
158.46399999999994
158.72000000000207
158.97600000000057
159.23199999999906
159.48799999999937
159.74399999999923
160.00000000000045
160.2559999999994
160.51199999999926
160.76799999999776
161.02399999999943
161.2800000000011
161.5359999999996
161.79199999999992
162.04800000000114
162.3040000000001
162.5600000000004
162.8160000000007
163.0719999999992
163.32799999999997
163.58399999999938
163.8399999999997
164.09600000000137
164.3520000000026
164.60800000000017
164.86400000000094
165.12000000000126
165.37599999999975
165.6319999999987
165.88800000000037
166.14400000000023
166.39999999999918
166.65599999999813
166.9119999999989
167.1679999999992
167.42400000000043
167.68000000000075
167.9360000000015
168.192
168.44800000000032
168.70400000000154
168.9600000000005
169.21600000000035
169.47200000000157
169.7279999999987
169.98400000000038
170.23999999999933
170.4960000000001
170.75200000000132
171.00800000000027
171.26400000000012
171.51999999999953
171.7760000000003
172.0319999999997
172.288
172.54399999999987
172.79999999999836
173.05599999999913
173.31199999999717
173.5680000000002
173.82400000000052
174.08000000000175
174.33600000000297
174.59200000000192
174.84800000000087
175.1040000000021
175.35999999999967
175.61599999999908
175.8719999999994
176.1279999999997
176.38399999999956
176.63999999999942
176.89599999999882
177.15200000000095
177.4080000000008
177.66399999999976
177.92000000000053
178.1760000000031
178.4320000000007
178.68800000000056
178.9439999999986
179.1999999999989
179.4560000000015
179.71199999999953
179.96799999999894
180.22399999999834
180.48000000000184
180.73599999999897
180.99199999999928
181.2480000000014
181.50399999999945
181.76000000000204
182.01600000000053
182.27200000000084
182.52800000000025
182.78400000000056
183.04000000000178
183.2960000000021
183.5520000000006
183.8080000000009
184.0640000000003
184.3199999999997
184.57600000000093
184.83199999999943
185.08799999999974
185.34400000000005
185.59999999999854
185.85599999999886
186.11199999999917
186.36799999999675
186.62400000000162
186.88000000000102
187.13600000000133
187.39199999999983
187.64800000000105
187.90399999999863
188.15999999999985
188.41600000000108
188.6720000000014
188.92799999999897
189.1840000000002
189.44000000000142
189.6959999999999
189.95199999999932
190.20799999999872
190.46399999999903
190.71999999999935
190.97599999999966
191.23199999999997
191.48800000000028
191.74399999999787
191.99999999999727
192.2559999999994
192.5119999999988
192.76800000000185
193.02400000000034
193.28000000000156
193.53600000000006
193.79200000000037
194.04799999999705
194.30399999999736
194.5600000000013
194.8159999999998
195.07200000000375
195.32800000000134
195.58400000000347
195.84000000000015
196.09600000000137
196.35199999999895
196.60799999999927
196.8640000000005
197.11999999999807
197.37600000000202
197.63199999999688
197.887999999999
198.14400000000023
198.40000000000146
198.65599999999995
198.91200000000208
199.16800000000057
199.42399999999998
199.6800000000021
199.9359999999997
200.192
200.44800000000123
200.70399999999972
200.9599999999964
201.21599999999944
201.47199999999975
201.72800000000007
201.9840000000013
202.2400000000007
202.49599999999919
202.7520000000004
203.00800000000072
203.26400000000103